11
20
16
40
40

9
9
9
9
9
9
9
9
9
9
9
9
9
9
9
9
9
9
9
9
9
9
9
9
9
9
9
0
7
7
4
9
9
9
9
9
0
7
4
9
9
9
9
1
8
8
6
9
9
9
9
9
2
8
6
9
9
9
9
2
8
8
6
9
9
9
9
9
1
8
6
9
9
9
9
1
8
8
6
9
9
9
9
9
2
8
6
9
9
9
9
2
8
8
6
9
9
9
9
9
1
8
6
9
9
9
9
1
8
8
6
9
9
9
9
9
3
10
5
9
9
9
9
2
8
8
6
9
9
9
9
9
9
9
9
9
9
9
9
1
8
8
6
9
9
9
9
9
9
9
9
9
0
4
9
3
10
10
5
9
9
9
9
9
9
9
9
9
2
6
9
9
9
9
9
9
9
9
9
9
9
9
9
9
1
6
9
9
9
9
9
9
9
9
9
9
9
9
9
9
2
6
9
9
9
9
9
9
9
9
9
9
9
9
9
9
3
5
9
9
9
9
9
9
9
9
9
9
9
9
9
9
9
9
9
9
9
9
9
9
9
9
9
9
9
9
9
9
9
9
9
9
9
9
9
9
9
9
9
9
9
9
9
9
9
9
9
9
9
9
9
9
9
9
9
9
9
9
9
9
9
9
9
9
9
9
9
9
9
9
9
9
9
9
9
9
9
9
9
9
9
9
9
9
9
9
9
9
9
9
9
9
9
9
9
9
9
9
9
9
